[gd_scene load_steps=20 format=2]

[ext_resource path="res://resources/dome.tres" type="ArrayMesh" id=1]
[ext_resource path="res://scene/assets/blindman_character.tscn" type="PackedScene" id=2]
[ext_resource path="res://test/images/D_eyes_blindman.png" type="Texture" id=3]
[ext_resource path="res://scene/assets/ballons_off_p.tscn" type="PackedScene" id=4]

[sub_resource type="GDScript" id=15]
script/source = "extends Control

func _on_Button_button_down():
	scene_load.goto_scene(\"res://scene/ui.tscn\")
"

[sub_resource type="Shader" id=1]
code = "shader_type spatial;
render_mode blend_mix,depth_draw_opaque,cull_back,diffuse_burley,specular_schlick_ggx,unshaded;
uniform vec4 albedo : hint_color;
uniform sampler2D texture_albedo : hint_albedo;
uniform float specular;
uniform float metallic;
uniform float roughness : hint_range(0,1);
uniform float point_size : hint_range(0,128);
uniform sampler2D texture_metallic : hint_white;
uniform vec4 metallic_texture_channel;
uniform sampler2D texture_roughness : hint_white;
uniform vec4 roughness_texture_channel;
uniform vec3 uv1_scale;
uniform vec3 uv1_offset;
uniform vec3 uv2_scale;
uniform vec3 uv2_offset;
uniform bool close;

varying vec2 on_uv_offset_eyes;

void vertex() {
	on_uv_offset_eyes = UV + uv1_offset.xy + vec2(0.0,3.5);
	
	vec3 on_uv_offset = uv1_offset;
	if (close){
		on_uv_offset.x = 3.5;
	}
	UV=UV*uv1_scale.xy+on_uv_offset.xy;
}

void fragment() {
	vec4 eyes_tex = texture(texture_albedo,on_uv_offset_eyes.xy);
	vec2 base_uv = UV;
	vec4 albedo_tex = texture(texture_albedo,base_uv);
	ALBEDO = albedo.rgb * albedo_tex.rgb;
	float metallic_tex = dot(texture(texture_metallic,base_uv),metallic_texture_channel);
	METALLIC = metallic_tex * metallic;
	float roughness_tex = dot(texture(texture_roughness,base_uv),roughness_texture_channel);
	ROUGHNESS = roughness_tex * roughness;
	SPECULAR = specular;
	ALPHA = albedo.a * albedo_tex.a;
	if (eyes_tex.a >= 0.5){
		ALBEDO *= eyes_tex.rgb;
	}
}
"

[sub_resource type="ShaderMaterial" id=2]
shader = SubResource( 1 )
shader_param/albedo = Color( 1, 1, 1, 1 )
shader_param/specular = 0.5
shader_param/metallic = 0.0
shader_param/roughness = 1.0
shader_param/point_size = 1.0
shader_param/metallic_texture_channel = Plane( 1, 0, 0, 0 )
shader_param/roughness_texture_channel = Plane( 1, 0, 0, 0 )
shader_param/uv1_scale = Vector3( 1, 1.05, 1 )
shader_param/uv1_offset = Vector3( 0, 0, 0 )
shader_param/uv2_scale = Vector3( 1, 1, 1 )
shader_param/uv2_offset = Vector3( 0, 0, 0 )
shader_param/close = false
shader_param/texture_albedo = ExtResource( 3 )

[sub_resource type="SpatialMaterial" id=3]
flags_unshaded = true
params_cull_mode = 1
params_grow = true
params_grow_amount = 0.08
albedo_color = Color( 0, 0, 0, 1 )

[sub_resource type="Shader" id=4]
code = "shader_type spatial;
render_mode unshaded, cull_disabled;

uniform vec4 color : hint_color;
uniform float step_1 : hint_range(0.0,1.0);
uniform float step_2 : hint_range(0.0,1.0);
uniform float step_3 : hint_range(0.0,1.0);

uniform sampler2D texture_albedo : hint_albedo;

uniform vec2 pos ;

void fragment(){
	
	vec4 albedo_tex = texture(texture_albedo,UV);
	
	vec3 center = vec3(length(NORMAL.xy - pos));
	
	vec3 circle_1 = step(step_1, center);
	vec3 circle_2 = step(step_2, center);
	vec3 circle_3 = step(step_3, center);
	
	vec3 st = max(step(circle_1,vec3(0.0)),color.rgb);
	st *= max(step(circle_2,vec3(0.0)),color.rgb);
	st *= max(step(circle_3,vec3(0.0)),color.rgb);
	st *= color.rgb;
	ALBEDO = st*albedo_tex.rgb;
}
"

[sub_resource type="ShaderMaterial" id=5]
next_pass = SubResource( 3 )
shader = SubResource( 4 )
shader_param/color = Color( 0.705882, 1, 0.662745, 1 )
shader_param/step_1 = 0.917
shader_param/step_2 = 0.419
shader_param/step_3 = 0.082
shader_param/pos = Vector2( 0.28, 0.53 )

[sub_resource type="ShaderMaterial" id=6]
next_pass = SubResource( 3 )
shader = SubResource( 4 )
shader_param/color = Color( 1, 0.937255, 0, 1 )
shader_param/step_1 = 0.917
shader_param/step_2 = 0.419
shader_param/step_3 = 0.082
shader_param/pos = Vector2( 0.28, 0.53 )

[sub_resource type="ShaderMaterial" id=7]
next_pass = SubResource( 3 )
shader = SubResource( 4 )
shader_param/color = Color( 0.662745, 0.756863, 1, 1 )
shader_param/step_1 = 0.917
shader_param/step_2 = 0.419
shader_param/step_3 = 0.082
shader_param/pos = Vector2( 0.28, 0.53 )

[sub_resource type="ShaderMaterial" id=8]
next_pass = SubResource( 3 )
shader = SubResource( 4 )
shader_param/color = Color( 0, 0.952941, 1, 1 )
shader_param/step_1 = 0.917
shader_param/step_2 = 0.419
shader_param/step_3 = 0.082
shader_param/pos = Vector2( 0.28, 0.53 )

[sub_resource type="ShaderMaterial" id=9]
next_pass = SubResource( 3 )
shader = SubResource( 4 )
shader_param/color = Color( 0.996078, 0.290196, 1, 1 )
shader_param/step_1 = 0.917
shader_param/step_2 = 0.419
shader_param/step_3 = 0.082
shader_param/pos = Vector2( 0.28, 0.53 )

[sub_resource type="ShaderMaterial" id=10]
next_pass = SubResource( 3 )
shader = SubResource( 4 )
shader_param/color = Color( 1, 0.929412, 0.776471, 1 )
shader_param/step_1 = 0.917
shader_param/step_2 = 0.419
shader_param/step_3 = 0.082
shader_param/pos = Vector2( 0.28, 0.53 )

[sub_resource type="ShaderMaterial" id=11]
next_pass = SubResource( 3 )
shader = SubResource( 4 )
shader_param/color = Color( 1, 0.223529, 0.223529, 1 )
shader_param/step_1 = 0.917
shader_param/step_2 = 0.419
shader_param/step_3 = 0.082
shader_param/pos = Vector2( 0.28, 0.53 )

[sub_resource type="ShaderMaterial" id=12]
next_pass = SubResource( 3 )
shader = SubResource( 4 )
shader_param/color = Color( 0.760784, 1, 0.662745, 1 )
shader_param/step_1 = 0.917
shader_param/step_2 = 0.419
shader_param/step_3 = 0.082
shader_param/pos = Vector2( 0.28, 0.53 )

[sub_resource type="ShaderMaterial" id=13]
next_pass = SubResource( 3 )
shader = SubResource( 4 )
shader_param/color = Color( 1, 0.980392, 0.662745, 1 )
shader_param/step_1 = 0.917
shader_param/step_2 = 0.419
shader_param/step_3 = 0.082
shader_param/pos = Vector2( 0.28, 0.53 )

[sub_resource type="Animation" id=14]
length = 25.0
tracks/0/type = "value"
tracks/0/path = NodePath("Camera:translation")
tracks/0/interp = 1
tracks/0/loop_wrap = true
tracks/0/imported = false
tracks/0/enabled = true
tracks/0/keys = {
"times": PoolRealArray( 0, 24.9861 ),
"transitions": PoolRealArray( 1, 1 ),
"update": 0,
"values": [ Vector3( 0, 23.8339, 12.1562 ), Vector3( 0, -19.5549, 27.4478 ) ]
}
tracks/1/type = "value"
tracks/1/path = NodePath("Camera:rotation_degrees")
tracks/1/interp = 1
tracks/1/loop_wrap = true
tracks/1/imported = false
tracks/1/enabled = true
tracks/1/keys = {
"times": PoolRealArray( 0, 24.9861 ),
"transitions": PoolRealArray( 1, 1 ),
"update": 0,
"values": [ Vector3( 0, 0, 0 ), Vector3( 46.6504, 0, 0 ) ]
}
tracks/2/type = "value"
tracks/2/path = NodePath("../../../Label:modulate")
tracks/2/interp = 1
tracks/2/loop_wrap = true
tracks/2/imported = false
tracks/2/enabled = true
tracks/2/keys = {
"times": PoolRealArray( -0.3, 17.3 ),
"transitions": PoolRealArray( 1, 1 ),
"update": 0,
"values": [ Color( 1, 1, 1, 0 ), Color( 0.427451, 0.380392, 1, 1 ) ]
}
tracks/3/type = "value"
tracks/3/path = NodePath("../../../Button:modulate")
tracks/3/interp = 1
tracks/3/loop_wrap = true
tracks/3/imported = false
tracks/3/enabled = true
tracks/3/keys = {
"times": PoolRealArray( -0.3, 20, 22.1 ),
"transitions": PoolRealArray( 1, 1, 1 ),
"update": 0,
"values": [ Color( 1, 1, 1, 0 ), Color( 1, 1, 1, 0 ), Color( 1, 1, 1, 1 ) ]
}
tracks/4/type = "value"
tracks/4/path = NodePath("../../../Button:disabled")
tracks/4/interp = 1
tracks/4/loop_wrap = true
tracks/4/imported = false
tracks/4/enabled = true
tracks/4/keys = {
"times": PoolRealArray( -0.4, 20, 22.1 ),
"transitions": PoolRealArray( 1, 1, 1 ),
"update": 1,
"values": [ true, true, false ]
}

[node name="blind_balloons" type="Control"]
script = SubResource( 15 )

[node name="ViewportContainer" type="ViewportContainer" parent="."]
margin_right = 1024.0
margin_bottom = 600.0

[node name="Viewport" type="Viewport" parent="ViewportContainer"]
size = Vector2( 1024, 600 )
handle_input_locally = false
render_target_update_mode = 3

[node name="Spatial" type="Spatial" parent="ViewportContainer/Viewport"]

[node name="dome" type="MeshInstance" parent="ViewportContainer/Viewport/Spatial"]
transform = Transform( 6.89385, 0, 0, 0, 4.93666, 0, 0, 0, 6.89385, 0, 5.1904, 0 )
mesh = ExtResource( 1 )
material/0 = null

[node name="DirectionalLight" type="OmniLight" parent="ViewportContainer/Viewport/Spatial"]
transform = Transform( 0.906239, -0.286922, 0.310495, 0, 0.734436, 0.678678, -0.422766, -0.615044, 0.665575, 0, 16.7613, 0 )
omni_range = 75.5084
omni_attenuation = 0.196146

[node name="Scene Root" parent="ViewportContainer/Viewport/Spatial" instance=ExtResource( 2 )]

[node name="Skeleton" parent="ViewportContainer/Viewport/Spatial/Scene Root/armature" index="0"]
bones/12/bound_children = [ NodePath("BoneAttachment") ]

[node name="Cube002" parent="ViewportContainer/Viewport/Spatial/Scene Root/armature/Skeleton" index="1"]
material/0 = SubResource( 2 )

[node name="glasses" parent="ViewportContainer/Viewport/Spatial/Scene Root/armature/Skeleton" index="4"]
visible = false

[node name="BoneAttachment" type="BoneAttachment" parent="ViewportContainer/Viewport/Spatial/Scene Root/armature/Skeleton" index="5"]
transform = Transform( 0.243537, -0.963259, -0.113227, -0.0301694, 0.109161, -0.993566, 0.969422, 0.245386, -0.00247618, 0.118412, 4.45469, 0.711624 )
bone_name = "forearm.L"

[node name="Spatial" type="Spatial" parent="ViewportContainer/Viewport/Spatial/Scene Root/armature/Skeleton/BoneAttachment"]
transform = Transform( 1, 0, -3.25963e-09, 2.98023e-08, 1, -3.11993e-08, 2.09548e-09, -1.43773e-08, 1, -0.0422199, 0.158834, -1.49415 )

[node name="ballons_off_p" parent="ViewportContainer/Viewport/Spatial/Scene Root/armature/Skeleton/BoneAttachment/Spatial" instance=ExtResource( 4 )]
transform = Transform( 0.956714, 0.174413, -0.232976, 0.179404, 0.276887, 0.944007, 0.229155, -0.944941, 0.233612, 0, 0, 0 )

[node name="MeshInstance" parent="ViewportContainer/Viewport/Spatial/Scene Root/armature/Skeleton/BoneAttachment/Spatial/ballons_off_p" index="0"]
material/0 = SubResource( 5 )

[node name="ballons_off_p6" parent="ViewportContainer/Viewport/Spatial/Scene Root/armature/Skeleton/BoneAttachment/Spatial" instance=ExtResource( 4 )]
transform = Transform( 0.879563, 0.398833, -0.259425, 0.131191, 0.320818, 0.938012, 0.457338, -0.859074, 0.229857, 0, 0, 0 )

[node name="MeshInstance" parent="ViewportContainer/Viewport/Spatial/Scene Root/armature/Skeleton/BoneAttachment/Spatial/ballons_off_p6" index="0"]
material/0 = SubResource( 6 )

[node name="ballons_off_p10" parent="ViewportContainer/Viewport/Spatial/Scene Root/armature/Skeleton/BoneAttachment/Spatial" instance=ExtResource( 4 )]
transform = Transform( 0.97915, -0.192344, -0.0653402, 0.105734, 0.207917, 0.972416, -0.173453, -0.959048, 0.22392, -1.19209e-07, -5.96046e-08, 0 )

[node name="MeshInstance" parent="ViewportContainer/Viewport/Spatial/Scene Root/armature/Skeleton/BoneAttachment/Spatial/ballons_off_p10" index="0"]
material/0 = SubResource( 7 )

[node name="ballons_off_p2" parent="ViewportContainer/Viewport/Spatial/Scene Root/armature/Skeleton/BoneAttachment/Spatial" instance=ExtResource( 4 )]
transform = Transform( 0.940552, 0.240402, -0.239936, 0.245527, 0.00688361, 0.969366, 0.234689, -0.970649, -0.0525503, 0, 0, 0 )

[node name="MeshInstance" parent="ViewportContainer/Viewport/Spatial/Scene Root/armature/Skeleton/BoneAttachment/Spatial/ballons_off_p2" index="0"]
material/0 = SubResource( 8 )

[node name="ballons_off_p7" parent="ViewportContainer/Viewport/Spatial/Scene Root/armature/Skeleton/BoneAttachment/Spatial" instance=ExtResource( 4 )]
transform = Transform( 0.818159, 0.545023, -0.183212, 0.176888, 0.0646059, 0.982109, 0.547108, -0.835928, -0.0435498, 0, 0, 0 )

[node name="MeshInstance" parent="ViewportContainer/Viewport/Spatial/Scene Root/armature/Skeleton/BoneAttachment/Spatial/ballons_off_p7" index="0"]
material/0 = SubResource( 9 )

[node name="ballons_off_p9" parent="ViewportContainer/Viewport/Spatial/Scene Root/armature/Skeleton/BoneAttachment/Spatial" instance=ExtResource( 4 )]
transform = Transform( 0.943179, -0.135472, -0.303416, 0.294377, -0.0828854, 0.952089, -0.15413, -0.987308, -0.0382955, -1.19209e-07, 0, 0 )

[node name="MeshInstance" parent="ViewportContainer/Viewport/Spatial/Scene Root/armature/Skeleton/BoneAttachment/Spatial/ballons_off_p9" index="0"]
material/0 = SubResource( 10 )

[node name="ballons_off_p3" parent="ViewportContainer/Viewport/Spatial/Scene Root/armature/Skeleton/BoneAttachment/Spatial" instance=ExtResource( 4 )]
transform = Transform( 0.979196, 0.108613, 0.171405, -0.112781, -0.41092, 0.90467, 0.168692, -0.905178, -0.390121, 0, 0, 0 )

[node name="MeshInstance" parent="ViewportContainer/Viewport/Spatial/Scene Root/armature/Skeleton/BoneAttachment/Spatial/ballons_off_p3" index="0"]
material/0 = SubResource( 11 )

[node name="ballons_off_p8" parent="ViewportContainer/Viewport/Spatial/Scene Root/armature/Skeleton/BoneAttachment/Spatial" instance=ExtResource( 4 )]
transform = Transform( 0.185895, 0.586833, -0.78808, 0.775464, 0.404932, 0.484446, 0.603407, -0.701183, -0.379793, -5.96046e-08, 5.96046e-08, 0 )

[node name="ballons_off_p12" parent="ViewportContainer/Viewport/Spatial/Scene Root/armature/Skeleton/BoneAttachment/Spatial" instance=ExtResource( 4 )]
transform = Transform( 0.202987, 0.385436, -0.900132, 0.972268, -0.188397, 0.138581, -0.116168, -0.903298, -0.412988, 0, -5.96046e-08, 0 )

[node name="ballons_off_p4" parent="ViewportContainer/Viewport/Spatial/Scene Root/armature/Skeleton/BoneAttachment/Spatial" instance=ExtResource( 4 )]
transform = Transform( 0.971296, 0.115081, -0.208186, 0.11955, 0.520475, 0.845467, 0.205652, -0.846086, 0.491778, 0, 0, 0 )

[node name="ballons_off_p5" parent="ViewportContainer/Viewport/Spatial/Scene Root/armature/Skeleton/BoneAttachment/Spatial" instance=ExtResource( 4 )]
transform = Transform( 0.38022, -0.208683, -0.901047, 0.702687, 0.698632, 0.134712, 0.601387, -0.684372, 0.412272, -5.96046e-08, 5.96046e-08, 0 )

[node name="MeshInstance" parent="ViewportContainer/Viewport/Spatial/Scene Root/armature/Skeleton/BoneAttachment/Spatial/ballons_off_p5" index="0"]
material/0 = SubResource( 12 )

[node name="ballons_off_p11" parent="ViewportContainer/Viewport/Spatial/Scene Root/armature/Skeleton/BoneAttachment/Spatial" instance=ExtResource( 4 )]
transform = Transform( 0.399927, -0.42878, -0.810067, 0.912428, 0.10253, 0.39619, -0.0868217, -0.897572, 0.432235, 0, -5.96046e-08, 0 )

[node name="MeshInstance" parent="ViewportContainer/Viewport/Spatial/Scene Root/armature/Skeleton/BoneAttachment/Spatial/ballons_off_p11" index="0"]
material/0 = SubResource( 13 )

[node name="AnimationPlayer" parent="ViewportContainer/Viewport/Spatial/Scene Root" index="1"]
autoplay = "flying"

[node name="Camera" type="Camera" parent="ViewportContainer/Viewport/Spatial"]
transform = Transform( 1, 0, 0, 0, 0.789071, -0.614303, 0, 0.614303, 0.789071, 0, -11.4174, 24.5799 )
current = true
far = 300.0

[node name="AnimationPlayer" type="AnimationPlayer" parent="ViewportContainer/Viewport/Spatial"]
autoplay = "ballons"
anims/ballons = SubResource( 14 )

[node name="Label" type="Label" parent="."]
modulate = Color( 0.427451, 0.380392, 1, 1 )
margin_left = 487.5
margin_top = 293.0
margin_right = 536.5
margin_bottom = 307.0
text = "the end"

[node name="Button" type="Button" parent="."]
modulate = Color( 1, 1, 1, 0.142858 )
margin_left = 485.0
margin_top = 320.0
margin_right = 539.0
margin_bottom = 340.0
disabled = true
text = "return"

[connection signal="button_down" from="Button" to="." method="_on_Button_button_down"]

[editable path="ViewportContainer/Viewport/Spatial/Scene Root"]

[editable path="ViewportContainer/Viewport/Spatial/Scene Root/armature/Skeleton/BoneAttachment/Spatial/ballons_off_p"]

[editable path="ViewportContainer/Viewport/Spatial/Scene Root/armature/Skeleton/BoneAttachment/Spatial/ballons_off_p6"]

[editable path="ViewportContainer/Viewport/Spatial/Scene Root/armature/Skeleton/BoneAttachment/Spatial/ballons_off_p10"]

[editable path="ViewportContainer/Viewport/Spatial/Scene Root/armature/Skeleton/BoneAttachment/Spatial/ballons_off_p2"]

[editable path="ViewportContainer/Viewport/Spatial/Scene Root/armature/Skeleton/BoneAttachment/Spatial/ballons_off_p7"]

[editable path="ViewportContainer/Viewport/Spatial/Scene Root/armature/Skeleton/BoneAttachment/Spatial/ballons_off_p9"]

[editable path="ViewportContainer/Viewport/Spatial/Scene Root/armature/Skeleton/BoneAttachment/Spatial/ballons_off_p3"]

[editable path="ViewportContainer/Viewport/Spatial/Scene Root/armature/Skeleton/BoneAttachment/Spatial/ballons_off_p8"]

[editable path="ViewportContainer/Viewport/Spatial/Scene Root/armature/Skeleton/BoneAttachment/Spatial/ballons_off_p12"]

[editable path="ViewportContainer/Viewport/Spatial/Scene Root/armature/Skeleton/BoneAttachment/Spatial/ballons_off_p4"]

[editable path="ViewportContainer/Viewport/Spatial/Scene Root/armature/Skeleton/BoneAttachment/Spatial/ballons_off_p5"]

[editable path="ViewportContainer/Viewport/Spatial/Scene Root/armature/Skeleton/BoneAttachment/Spatial/ballons_off_p11"]
