[gd_scene load_steps=4 format=2]

[ext_resource path="res://scene/assets/doctor_character.tscn" type="PackedScene" id=1]
[ext_resource path="res://resources/scalpel.mesh" type="ArrayMesh" id=2]
[ext_resource path="res://resources/dome.tres" type="ArrayMesh" id=3]

[node name="doctor_idle" type="Spatial"]

[node name="doctor" parent="." instance=ExtResource( 1 )]

[node name="BoneAttachment" type="BoneAttachment" parent="doctor/Armature/Skeleton" index="8"]
transform = Transform( -0.479894, 0.772987, -0.41496, 0.785812, 0.589042, 0.188489, 0.39013, -0.235626, -0.8901, 0.288549, 5.2386, 2.91143 )
bone_name = "hand.L"

[node name="Spatial" type="Spatial" parent="doctor/Armature/Skeleton/BoneAttachment"]
transform = Transform( 1, 1.11759e-07, -5.96046e-08, 2.23517e-08, 1, -1.49012e-08, 0, 0, 1, 0.389421, -0.364321, -0.775206 )

[node name="MeshInstance" type="MeshInstance" parent="doctor/Armature/Skeleton/BoneAttachment/Spatial"]
transform = Transform( 0.629212, 0.576405, 0.521397, -0.261852, -0.474412, 0.840459, 0.7318, -0.665354, -0.147573, -0.58825, 0.353909, 0.712814 )
mesh = ExtResource( 2 )
material/0 = null

[node name="Camera" type="Camera" parent="."]
transform = Transform( 1, 0, 0, 0, 0.969813, -0.243849, 0, 0.243849, 0.969813, -0.330558, 3.60735, 3.131 )

[node name="DirectionalLight" type="DirectionalLight" parent="."]
transform = Transform( 1, 0, 0, 0, 0.487258, 0.873258, 0, -0.873258, 0.487258, 0, 0, 7.72924 )

[node name="MeshInstance" type="MeshInstance" parent="."]
transform = Transform( 1, 0, 0, 0, 1.85346, 0, 0, 0, 1, 0, 1.28769, 0 )
mesh = ExtResource( 3 )
material/0 = null


[editable path="doctor"]
